      31.8118
      31.8766
      32.4986
      31.3839
       32.114
      32.1884
      31.8354
      32.3096
      32.4554
      31.6649
      31.9736
      31.9353
      33.9024
      32.4119
      31.8556
      32.2199
      31.6036
      32.4325
      31.6404
      33.6283
      32.9585
      32.8091
      33.0748
       32.321
      32.6702
      32.2095
      32.5314
      32.4194
      32.0745
      32.3762
      31.7289
      32.9669
      32.2416
      32.5988
      32.2162
      31.9973
      32.8667
      34.2029
      34.1208
      29.5124
